1-1-T 1 1 2
1-2-T 1 2 2
1-3-T 1 3 2
1-4-T 1 4 2
1-5-T 1 5 2
1-6-T 1 6 2
1-7-T 1 7 2
1-8-T 1 8 2
1-9-T 1 9 2
1-10-T 1 10 2
1-11-T 1 11 2
1-12-T 1 12 2
2-1-B 2 1 1
2-1-T 2 1 2
2-2-B 2 2 1
2-2-T 2 2 2
2-3-B 2 3 1
2-3-T 2 3 2
2-4-B 2 4 1
2-4-T 2 4 2
2-5-B 2 5 1
2-5-T 2 5 2
2-6-B 2 6 1
2-6-T 2 6 2
2-7-B 2 7 1
2-7-T 2 7 2
2-8-B 2 8 1
2-8-T 2 8 2
2-9-B 2 9 1
2-9-T 2 9 2
2-10-B 2 10 1
2-10-T 2 10 2
2-11-B 2 11 1
2-11-T 2 11 2
2-12-B 2 12 1
2-12-T 2 12 2
3-1-B 3 1 1
3-1-T 3 1 2
3-2-B 3 2 1
3-2-T 3 2 2
3-3-B 3 3 1
3-3-T 3 3 2
3-4-B 3 4 1
3-4-T 3 4 2
3-5-B 3 5 1
3-5-T 3 5 2
3-6-B 3 6 1
3-6-T 3 6 2
3-7-B 3 7 1
3-7-T 3 7 2
3-8-B 3 8 1
3-8-T 3 8 2
3-9-B 3 9 1
3-9-T 3 9 2
3-10-B 3 10 1
3-10-T 3 10 2
3-11-B 3 11 1
3-11-T 3 11 2
3-12-B 3 12 1
3-12-T 3 12 2
4-1-B 4 1 1
4-1-T 4 1 2
4-2-B 4 2 1
4-2-T 4 2 2
4-3-B 4 3 1
4-3-T 4 3 2
4-4-B 4 4 1
4-4-T 4 4 2
4-5-B 4 5 1
4-5-T 4 5 2
4-6-B 4 6 1
4-6-T 4 6 2
4-7-B 4 7 1
4-7-T 4 7 2
4-8-B 4 8 1
4-8-T 4 8 2
4-9-B 4 9 1
4-9-T 4 9 2
4-10-B 4 10 1
4-10-T 4 10 2
4-11-B 4 11 1
4-11-T 4 11 2
4-12-B 4 12 1
4-12-T 4 12 2
5-1-B 5 1 1
5-1-T 5 1 2
5-2-B 5 2 1
5-2-T 5 2 2
5-3-B 5 3 1
5-3-T 5 3 2
5-4-B 5 4 1
5-4-T 5 4 2
5-5-B 5 5 1
5-5-T 5 5 2
5-6-B 5 6 1
5-6-T 5 6 2
5-7-B 5 7 1
5-7-T 5 7 2
5-8-B 5 8 1
5-8-T 5 8 2
5-9-B 5 9 1
5-9-T 5 9 2
5-10-B 5 10 1
5-10-T 5 10 2
5-11-B 5 11 1
5-11-T 5 11 2
5-12-B 5 12 1
5-12-T 5 12 2
6-1-B 6 1 1
6-1-T 6 1 2
6-2-B 6 2 1
6-2-T 6 2 2
6-3-B 6 3 1
6-3-T 6 3 2
6-4-B 6 4 1
6-4-T 6 4 2
6-5-B 6 5 1
6-5-T 6 5 2
6-6-B 6 6 1
6-6-T 6 6 2
6-7-B 6 7 1
6-7-T 6 7 2
6-8-B 6 8 1
6-8-T 6 8 2
6-9-B 6 9 1
6-9-T 6 9 2
6-10-B 6 10 1
6-10-T 6 10 2
6-11-B 6 11 1
6-11-T 6 11 2
6-12-B 6 12 1
6-12-T 6 12 2
7-1-B 7 1 1
7-1-T 7 1 2
7-2-B 7 2 1
7-2-T 7 2 2
7-3-B 7 3 1
7-3-T 7 3 2
7-4-B 7 4 1
7-4-T 7 4 2
7-5-B 7 5 1
7-5-T 7 5 2
7-6-B 7 6 1
7-6-T 7 6 2
7-7-B 7 7 1
7-7-T 7 7 2
7-8-B 7 8 1
7-8-T 7 8 2
7-9-B 7 9 1
7-9-T 7 9 2
7-10-B 7 10 1
7-10-T 7 10 2
7-11-B 7 11 1
7-11-T 7 11 2
7-12-B 7 12 1
7-12-T 7 12 2
