1 0 0.0 -170.0
1 1 240.0 -170.0
1 2 120.0 -170.0
1 3 0.0 -160.0
1 4 320.0 -160.0
1 5 280.0 -160.0
1 6 240.0 -160.0
1 7 200.0 -160.0
1 8 160.0 -160.0
1 9 120.0 -160.0
1 10 80.0 -160.0
1 11 40.0 -160.0
1 12 0.0 -150.0
1 13 337.5 -150.0
1 14 315.0 -150.0
1 15 292.5 -150.0
1 16 270.0 -150.0
1 17 247.5 -150.0
1 18 225.0 -150.0
1 19 202.5 -150.0
1 20 180.0 -150.0
1 21 157.5 -150.0
1 22 135.0 -150.0
1 23 112.5 -150.0
1 24 90.0 -150.0
1 25 67.5 -150.0
1 26 45.0 -150.0
1 27 22.5 -150.0
1 28 0.0 -140.0
1 29 343.636363636 -140.0
1 30 327.272727273 -140.0
1 31 310.909090909 -140.0
1 32 294.545454545 -140.0
1 33 278.181818182 -140.0
1 34 261.818181818 -140.0
1 35 245.454545455 -140.0
1 36 229.090909091 -140.0
1 37 212.727272727 -140.0
1 38 196.363636364 -140.0
1 39 180.0 -140.0
1 40 163.636363636 -140.0
1 41 147.272727273 -140.0
1 42 130.909090909 -140.0
1 43 114.545454545 -140.0
1 44 98.1818181818 -140.0
1 45 81.8181818182 -140.0
1 46 65.4545454545 -140.0
1 47 49.0909090909 -140.0
1 48 32.7272727273 -140.0
1 49 16.3636363636 -140.0
2 0 0.0 -130.0
2 1 346.153846154 -130.0
2 2 332.307692308 -130.0
2 3 318.461538462 -130.0
2 4 304.615384615 -130.0
2 5 290.769230769 -130.0
2 6 276.923076923 -130.0
2 7 263.076923077 -130.0
2 8 249.230769231 -130.0
2 9 235.384615385 -130.0
2 10 221.538461538 -130.0
2 11 207.692307692 -130.0
2 12 193.846153846 -130.0
2 13 180.0 -130.0
2 14 166.153846154 -130.0
2 15 152.307692308 -130.0
2 16 138.461538462 -130.0
2 17 124.615384615 -130.0
2 18 110.769230769 -130.0
2 19 96.9230769231 -130.0
2 20 83.0769230769 -130.0
2 21 69.2307692308 -130.0
2 22 55.3846153846 -130.0
2 23 41.5384615385 -130.0
2 24 27.6923076923 -130.0
2 25 13.8461538462 -130.0
2 26 0.0 -120.0
2 27 348.75 -120.0
2 28 337.5 -120.0
2 29 326.25 -120.0
2 30 315.0 -120.0
2 31 303.75 -120.0
2 32 292.5 -120.0
2 33 281.25 -120.0
2 34 270.0 -120.0
2 35 258.75 -120.0
2 36 247.5 -120.0
2 37 236.25 -120.0
2 38 225.0 -120.0
2 39 213.75 -120.0
2 40 202.5 -120.0
2 41 191.25 -120.0
2 42 180.0 -120.0
2 43 168.75 -120.0
2 44 157.5 -120.0
2 45 146.25 -120.0
2 46 135.0 -120.0
2 47 123.75 -120.0
2 48 112.5 -120.0
2 49 101.25 -120.0
2 50 90.0 -120.0
2 51 78.75 -120.0
2 52 67.5 -120.0
2 53 56.25 -120.0
2 54 45.0 -120.0
2 55 33.75 -120.0
2 56 22.5 -120.0
2 57 11.25 -120.0
3 0 0.0 -110.0
3 1 349.411764706 -110.0
3 2 338.823529412 -110.0
3 3 328.235294118 -110.0
3 4 317.647058824 -110.0
3 5 307.058823529 -110.0
3 6 296.470588235 -110.0
3 7 285.882352941 -110.0
3 8 275.294117647 -110.0
3 9 264.705882353 -110.0
3 10 254.117647059 -110.0
3 11 243.529411765 -110.0
3 12 232.941176471 -110.0
3 13 222.352941176 -110.0
3 14 211.764705882 -110.0
3 15 201.176470588 -110.0
3 16 190.588235294 -110.0
3 17 180.0 -110.0
3 18 169.411764706 -110.0
3 19 158.823529412 -110.0
3 20 148.235294118 -110.0
3 21 137.647058824 -110.0
3 22 127.058823529 -110.0
3 23 116.470588235 -110.0
3 24 105.882352941 -110.0
3 25 95.2941176471 -110.0
3 26 84.7058823529 -110.0
3 27 74.1176470588 -110.0
3 28 63.5294117647 -110.0
3 29 52.9411764706 -110.0
3 30 42.3529411765 -110.0
3 31 31.7647058824 -110.0
3 32 21.1764705882 -110.0
3 33 10.5882352941 -110.0
4 0 0.0 -100.0
4 1 350.0 -100.0
4 2 340.0 -100.0
4 3 330.0 -100.0
4 4 320.0 -100.0
4 5 310.0 -100.0
4 6 300.0 -100.0
4 7 290.0 -100.0
4 8 280.0 -100.0
4 9 270.0 -100.0
4 10 260.0 -100.0
4 11 250.0 -100.0
4 12 240.0 -100.0
4 13 230.0 -100.0
4 14 220.0 -100.0
4 15 210.0 -100.0
4 16 200.0 -100.0
4 17 190.0 -100.0
4 18 180.0 -100.0
4 19 170.0 -100.0
4 20 160.0 -100.0
4 21 150.0 -100.0
4 22 140.0 -100.0
4 23 130.0 -100.0
4 24 120.0 -100.0
4 25 110.0 -100.0
4 26 100.0 -100.0
4 27 90.0 -100.0
4 28 80.0 -100.0
4 29 70.0 -100.0
4 30 60.0 -100.0
4 31 50.0 -100.0
4 32 40.0 -100.0
4 33 30.0 -100.0
4 34 20.0 -100.0
4 35 10.0 -100.0
5 0 0.0 -90.0
5 1 350.526315789 -90.0
5 2 341.052631579 -90.0
5 3 331.578947368 -90.0
5 4 322.105263158 -90.0
5 5 312.631578947 -90.0
5 6 303.157894737 -90.0
5 7 293.684210526 -90.0
5 8 284.210526316 -90.0
5 9 274.736842105 -90.0
5 10 265.263157895 -90.0
5 11 255.789473684 -90.0
5 12 246.315789474 -90.0
5 13 236.842105263 -90.0
5 14 227.368421053 -90.0
5 15 217.894736842 -90.0
5 16 208.421052632 -90.0
5 17 198.947368421 -90.0
5 18 189.473684211 -90.0
5 19 180.0 -90.0
5 20 170.526315789 -90.0
5 21 161.052631579 -90.0
5 22 151.578947368 -90.0
5 23 142.105263158 -90.0
5 24 132.631578947 -90.0
5 25 123.157894737 -90.0
5 26 113.684210526 -90.0
5 27 104.210526316 -90.0
5 28 94.7368421053 -90.0
5 29 85.2631578947 -90.0
5 30 75.7894736842 -90.0
5 31 66.3157894737 -90.0
5 32 56.8421052632 -90.0
5 33 47.3684210526 -90.0
5 34 37.8947368421 -90.0
5 35 28.4210526316 -90.0
5 36 18.9473684211 -90.0
5 37 9.47368421053 -90.0
6 0 0.0 -80.0
6 1 350.0 -80.0
6 2 340.0 -80.0
6 3 330.0 -80.0
6 4 320.0 -80.0
6 5 310.0 -80.0
6 6 300.0 -80.0
6 7 290.0 -80.0
6 8 280.0 -80.0
6 9 270.0 -80.0
6 10 260.0 -80.0
6 11 250.0 -80.0
6 12 240.0 -80.0
6 13 230.0 -80.0
6 14 220.0 -80.0
6 15 210.0 -80.0
6 16 200.0 -80.0
6 17 190.0 -80.0
6 18 180.0 -80.0
6 19 170.0 -80.0
6 20 160.0 -80.0
6 21 150.0 -80.0
6 22 140.0 -80.0
6 23 130.0 -80.0
6 24 120.0 -80.0
6 25 110.0 -80.0
6 26 100.0 -80.0
6 27 90.0 -80.0
6 28 80.0 -80.0
6 29 70.0 -80.0
6 30 60.0 -80.0
6 31 50.0 -80.0
6 32 40.0 -80.0
6 33 30.0 -80.0
6 34 20.0 -80.0
6 35 10.0 -80.0
7 0 0.0 -70.0
7 1 349.411764706 -70.0
7 2 338.823529412 -70.0
7 3 328.235294118 -70.0
7 4 317.647058824 -70.0
7 5 307.058823529 -70.0
7 6 296.470588235 -70.0
7 7 285.882352941 -70.0
7 8 275.294117647 -70.0
7 9 264.705882353 -70.0
7 10 254.117647059 -70.0
7 11 243.529411765 -70.0
7 12 232.941176471 -70.0
7 13 222.352941176 -70.0
7 14 211.764705882 -70.0
7 15 201.176470588 -70.0
7 16 190.588235294 -70.0
7 17 180.0 -70.0
7 18 169.411764706 -70.0
7 19 158.823529412 -70.0
7 20 148.235294118 -70.0
7 21 137.647058824 -70.0
7 22 127.058823529 -70.0
7 23 116.470588235 -70.0
7 24 105.882352941 -70.0
7 25 95.2941176471 -70.0
7 26 84.7058823529 -70.0
7 27 74.1176470588 -70.0
7 28 63.5294117647 -70.0
7 29 52.9411764706 -70.0
7 30 42.3529411765 -70.0
7 31 31.7647058824 -70.0
7 32 21.1764705882 -70.0
7 33 10.5882352941 -70.0
8 0 0.0 -60.0
8 1 348.75 -60.0
8 2 337.5 -60.0
8 3 326.25 -60.0
8 4 315.0 -60.0
8 5 303.75 -60.0
8 6 292.5 -60.0
8 7 281.25 -60.0
8 8 270.0 -60.0
8 9 258.75 -60.0
8 10 247.5 -60.0
8 11 236.25 -60.0
8 12 225.0 -60.0
8 13 213.75 -60.0
8 14 202.5 -60.0
8 15 191.25 -60.0
8 16 180.0 -60.0
8 17 168.75 -60.0
8 18 157.5 -60.0
8 19 146.25 -60.0
8 20 135.0 -60.0
8 21 123.75 -60.0
8 22 112.5 -60.0
8 23 101.25 -60.0
8 24 90.0 -60.0
8 25 78.75 -60.0
8 26 67.5 -60.0
8 27 56.25 -60.0
8 28 45.0 -60.0
8 29 33.75 -60.0
8 30 22.5 -60.0
8 31 11.25 -60.0
8 32 0.0 -50.0
8 33 346.153846154 -50.0
8 34 332.307692308 -50.0
8 35 318.461538462 -50.0
8 36 304.615384615 -50.0
8 37 290.769230769 -50.0
8 38 276.923076923 -50.0
8 39 263.076923077 -50.0
8 40 249.230769231 -50.0
8 41 235.384615385 -50.0
8 42 221.538461538 -50.0
8 43 207.692307692 -50.0
8 44 193.846153846 -50.0
8 45 180.0 -50.0
8 46 166.153846154 -50.0
8 47 152.307692308 -50.0
8 48 138.461538462 -50.0
8 49 124.615384615 -50.0
8 50 110.769230769 -50.0
8 51 96.9230769231 -50.0
8 52 83.0769230769 -50.0
8 53 69.2307692308 -50.0
8 54 55.3846153846 -50.0
8 55 41.5384615385 -50.0
8 56 27.6923076923 -50.0
8 57 13.8461538462 -50.0
9 0 0.0 -40.0
9 1 343.636363636 -40.0
9 2 327.272727273 -40.0
9 3 310.909090909 -40.0
9 4 294.545454545 -40.0
9 5 278.181818182 -40.0
9 6 261.818181818 -40.0
9 7 245.454545455 -40.0
9 8 229.090909091 -40.0
9 9 212.727272727 -40.0
9 10 196.363636364 -40.0
9 11 180.0 -40.0
9 12 163.636363636 -40.0
9 13 147.272727273 -40.0
9 14 130.909090909 -40.0
9 15 114.545454545 -40.0
9 16 98.1818181818 -40.0
9 17 81.8181818182 -40.0
9 18 65.4545454545 -40.0
9 19 49.0909090909 -40.0
9 20 32.7272727273 -40.0
9 21 16.3636363636 -40.0
9 22 0.0 -30.0
9 23 337.5 -30.0
9 24 315.0 -30.0
9 25 292.5 -30.0
9 26 270.0 -30.0
9 27 247.5 -30.0
9 28 225.0 -30.0
9 29 202.5 -30.0
9 30 180.0 -30.0
9 31 157.5 -30.0
9 32 135.0 -30.0
9 33 112.5 -30.0
9 34 90.0 -30.0
9 35 67.5 -30.0
9 36 45.0 -30.0
9 37 22.5 -30.0
9 38 0.0 -20.0
9 39 320.0 -20.0
9 40 280.0 -20.0
9 41 240.0 -20.0
9 42 200.0 -20.0
9 43 160.0 -20.0
9 44 120.0 -20.0
9 45 80.0 -20.0
9 46 40.0 -20.0
9 47 0.0 -10.0
9 48 240.0 -10.0
9 49 120.0 -10.0
