61 61 61 61 61 61 61 61 61 61 61 61 61 61 61 61 61 61 61 61 61 61 61 61 
67 68 67 68 67 68 67 68 67 68 67 68 67 68 67 68 67 68 67 68 67 68 67 68
67 68 7 5 67 68 7 5 67 68 7 5 67 68 7 5 67 68 7 5 67 68 7 5
7 5 1 3 6 8  11 12 14 15 16  17 20 1 3 5 6 8  11 12 14 15 16  17 20
31 34 35 36 37 39 55 56 57 58 59 31 34 35 36 37 39 55 56 57 58 59 31 34
1 3 5 6 8 11 12 14 15 16 17 20 1 3 5 6 8 11 12 14 15 16 17 20 1 3 5 6 8 11 12 14 15 16 17 20
4 6 7 1 2 3
1 3 5 2 4 6 7 8 9 10 11 12 13 14 15 16 17 18 19 20 21 67 68 5
1 8 9 14 16 17
6
